4.996734
4.997716
-5170.711611
4.999681
5.000663
5.001645
5.002626
5.003608
5.004589
5.005570
5.006551
5.007532
5.008513
-5199.436501
5211.647045
5.011454
5.012433
5.013413
5.014393
5.015372
5.016351
-5220.234769
5.018309
5.019287
5.020266
5.021244
5.022222
5.023199
5.024177
5.025154
5.026131
5.027107
-5249.514005
5.029060
5.030036
5.031012
5.031988
5.032963
5.033938
5.034913
-5270.715591
5.036861
5.037835
5.038809
5.039783
5.040756
5.041729
-5289.822710
5.043673
5.044645
5.045617
5.046588
5.047559
5.048530
5.049501
-5311.351766
5.051440
5.052410
5329.996655
5.054348
5.055316
5.056284
-5330.755149
5.058219
5.059186
5.060153
5351.787104
5.062084
5.063050
5.064015
5.064979
5.065944
5.066907
5.067871
5.068833
5.069796
5.070758
5.071719
5.072680
5.073641
5.074601
5393.557736
5.076520
5.077478
5.078436
5.079394
5.080351
5.081307
5.082263
5.083219
5.084173
5.085128
5.086081
5.087034
5.087987
5.088939
5.089890
5.090840
5.091790
-5434.716152
5.093688
5.094636
5.095583
5.096529
5.097475
5.098420
5.099364
-5457.443195
5.101250
5.102192
5.103132
5.104073
5.105012
5.105950
5.106888
5.107824
5.108760
5.109695
5.110629
5.111562
5.112493
5.113424
-5501.021300
5.115283
5.116210
5.117137
-5512.639794
5.118987
5.119910
5532.079516
5.121752
5.122672
5.123590
5.124507
5.125423
5.126337
5.127250
5.128161
5.129071
5.129979
5.130886
5567.371084
5.132695
5.133598
5.134498
5579.235195
5.136294
5.137189
5588.627733
5.138975
5.139864
5.140752
5.141638
5.142522
5.143403
5.144283
5612.588891
5.146035
5.146908
5.147778
5.148646
5.149512
5.150375
5634.192802
5.152092
5.152947
5.153799
-5636.034338
5.155494
5.156337
5655.963594
-5648.230931
5.158847
5.159677
5.160504
5.161326
5.162145
5.162961
5.163772
5.164579
5.165382
5.166181
5692.858124
5.167766
5.168551
5.169331
5.170107
5.170877
5.171642
5.172402
5.173156
5.173904
5.174646
-5717.236770
5.176112
5.176836
5.177552
-5729.788086
5.178964
5.179658
5750.086820
5.181024
5.181695
5.182357
5.183010
5.183654
5.184288
5.184912
5.185527
5.186130
5.186723
5.187304
5.187873
5.188430
5.188974
5.189505
5801.045934
5.190524
5.191012
5.191483
5.191939
5.192378
5.192799
5824.125715
5.193585
5.193948
5.194291
5837.108876
5.194909
5.195183
5847.389038
-5839.758412
5.195850
5.196017
5860.475627
5.196258
5.196330
5.196367
5873.620460
5.196330
5.196252
-5873.636522
5.195965
5.195752
5.195489
5.195173
5900.085974
5.194371
5.193878
-5900.200607
5.192690
5.191987
5.191205
5923.955108
5926.787448
5.188333
5.187182
5.185922
5.184547
5.183048
5.181417
5.179645
5.177720
5.175632
5.173368
-5954.072144
5.168257
5.165378
5.162260
5978.018018
5.155226
5985.900099
5.146966
5.142307
5.137250
5999.595249
-5992.243959
5.119297
5.112225
6013.345698
-6006.064719
5.086891
-6014.075276
5.065757
5.053610
5.040237
5.025483
-6030.978274
4.991091
4.971002
4.948622
-6045.033278
4.895591
4.864085
4.828545
6068.779468
4.742617
-6067.433094
4.630886
4.562405
4.483483
4.392248
-6084.970496
4.163743
4.021128
6104.320036
6107.138461
3.443541
3.191647
6117.641187
-6115.169147
2.301354
2.128817
1.924238
1.856767
1.794276
1.766723
1.844293
1.887594
2.075541
-6152.620789
2.494823
2.828069
3.128510
3.395631
3.630393
3.834889
-6176.901880
4.164646
4.296193
4.409543
4.507378
6203.259579
4.665567
4.729648
4.785730
6218.236063
4.878515
4.917065
-6220.119183
4.982025
5.009521
5.034276
6244.986651
5.076929
5.095383
6256.811687
6259.988209
5.141807
5.154847
-6261.519580
5.178034
5.188380
5.198005
5.206982
5.215372
5.223231
5.230608
5.237546
5.244085
5.250259
5.256099
5.261633
5.266886
5.271880
5.276636
5.281172
5.285505
5.289650
5.293621
5.297429
5.301088
5.304606
5.307994
5.311261
5.314414
5.317461
-6365.039104
5.323263
5.326030
5.328715
5.331323
5.333859
-6389.604727
-6392.909990
5.341072
5.343358
5.345589
5.347770
5.349902
5.351988
-6421.029157
6435.079484
5.357996
6444.227125
5.361814
5.363671
5.365497
-6449.398878
5.369060
5.370799
5.372512
5.374201
5.375865
5.377507
5.379127
5.380726
5.382306
5.383866
5.385409
6508.324605
5.388442
5.389934
5.391411
5.392873
5.394321
5.395756
6537.399619
-6530.054848
5.399984
5.401369
5.402743
-6546.429449
5.405460
5.406804
5.408137
5.409462
5.410778
6583.250524
5.413384
5.414675
5.415958
6599.849228
5.418502
5.419764
5.421019
-6605.687210
5.423510
5.424746
6629.748233
5.427201
5.428420
5.429634
5.430843
6650.150836
5.433246
5.434440
5.435630
5.436815
5.437996
5.439173
5.440346
5.441515
5.442680
6693.981488
5.445000
5.446155
5.447306
5.448454
6714.781753
5.450740
5.451879
6728.393897
5.454148
5.455278
5.456405
5.457530
5.458652
5.459772
5.460890
6763.161855
5.463118
5.464228
5.465337
6780.680906
5.467547
5.468649
5.469750
6798.290945
5.471945
5.473039
5.474132
5.475223
5.476313
5.477401
5.478487
5.479572
5.480655
5.481736
5.482817
5.483895
5.484973
-6851.071896
-6854.873354
5.488197
6876.260354
5.490340
5.491409
5.492478
5.493545
5.494611
5.495676
5.496740
5.497803
5.498865
5.499926
5.500986
5.502045
-6923.754339
5.504160
5.505216
5.506271
5.507325
5.508379
5.509431
-6956.757197
5.511534
5.512584
-6971.409310
5.514682
5.515730
5.516777
-6990.076105
5.518870
5.519915
5.520959
7019.887112
5.523046
5.524088
5.525130
5.526171
5.527212
5.528252
5.529292
5.530330
5.531369
5.532407
5.533444
5.534480
5.535517
-7076.812557
5.537588
5.538622
5.539657
5.540690
5.541724
5.542756
5.543789
7126.479337
5.545852
5.546883
5.547914
5.548944
5.549974
5.551004
5.552033
-7154.389587
5.554090
5.555118
5.556145
-7174.050240
5.558199
5.559226
-7189.632720
5.561278
5.562304
5.563329
7220.616471
5.565378
5.566403
5.567427
5.568450
5.569474
5.570497
5.571520
5.572542
5.573564
5.574586
5.575608
5.576630
5.577651
5.578672
-7285.717313
5.580713
5.581733
5.582753
5.583773
5.584792
5.585812
5.586831
5.587849
5.588868
5.589886
-7342.864235
5.591923
5.592940
-7359.189248
5.594975
5.595993
5.597010
7391.188929
5.599043
5.600059
5.601076
7412.118596
5.603108
5.604123
5.605139
7433.167170
5.607169
5.608184
5.609199
-7443.115240
5.611228
5.612243
-7459.889422
5.614271
5.615285
5.616299
-7481.266900
7497.036561
5.619339
5.620353
5.621366
5.622379
5.623391
5.624404
7535.642228
5.626429
5.627441
5.628453
5.629466
5.630477
5.631489
5.632501
5.633512
5.634524
5.635535
5.636546
5.637558
5.638569
5.639579
7618.742676
5.641601
5.642611
7636.272452
7640.983317
5.645642
5.646653
-7647.320432
5.648673
5.649682
5.650692
-7669.786836
5.652711
5.653721
5.654730
-7692.385581
5.656749
5.657758
5.658767
5.659776
5.660785
5.661794
5.662802
5.663811
5.664820
5.665828
7767.449167
5.667845
5.668853
7785.671014
7790.568140
5.671877
5.672885
5.673893
5.674901
5.675909
5.676916
-7820.909799
5.678931
5.679939
5.680946
-7844.408895
5.682961
5.683968
7874.412070
5.685982
5.686989
5.687996
5.689003
5.690010
5.691016
5.692023
-7910.692526
5.694036
5.695043
5.696049
7946.128982
5.698062
5.699068
-7953.800034
5.701081
5.702087
5.703093
7989.513626
5.705105
5.706111
5.707117
8013.976007
5.709129
5.710134
5.711140
5.712146
5.713151
5.714157
5.715162
5.716168
5.717173
5.718179
5.719184
5.720189
5.721195
5.722200
-8096.584936
5.724210
5.725215
5.726220
8133.226289
5.728230
5.729235
5.730240
5.731245
5.732250
5.733254
5.734259
5.735264
5.736268
-8187.415854
5.738278
5.739282
5.740287
5.741291
-8218.635045
5.743300
5.744304
5.745309
16510.445248
5.747317
16532.497522
5.749326
5.750330
-16562.303484
5.752338
5.753342
-16603.813002
5.755350
5.756354
5.757358
5.758362
5.759366
5.760370
5.761374
5.762377
5.763381
5.764385
5.765389
5.766392
5.767396
5.768400
5.769403
16829.123819
5.771410
5.772414
5.773417
5.774421
5.775424
-16903.402109
5.777431
5.778435
5.779438
5.780441
-16969.902564
5.782448
5.783451
5.784454
5.785458
5.786461
5.787464
5.788467
17092.432424
5.790473
5.791476
-17125.005948
5.793482
5.794485
5.795488
5.796491
5.797494
5.798497
5.799500
5.800503
5.801506
5.802509
-17282.970170
5.804514
5.805517
5.806520
5.807523
5.808525
5.809528
5.810531
5.811534
5.812536
5.813539
-17443.875111
5.815544
5.816547
5.817549
5.818552
5.819554
5.820557
5.821559
5.822562
5.823564
5.824567
5.825569
5.826572
5.827574
17666.382547
5.829579
17691.633759
5.831583
5.832586
5.833588
5.834590
5.835593
5.836595
5.837597
5.838599
5.839601
5.840604
5.841606
5.842608
5.843610
17908.292771
5.845614
5.846617
17956.774199
5.848621
-17971.163757
5.850625
5.851627
-18020.044569
5.853631
5.854633
5.855635
5.856637
5.857639
5.858641
5.859643
-18145.199881
5.861647
5.862649
5.863651
5.864652
5.865654
18256.873983
5.867658
5.868660
5.869662
5.870663
18334.382407
5.872667
5.873669
-18373.452844
5.875672
5.876674
5.877676
5.878678
5.879679
5.880681
5.881683
5.882684
5.883686
5.884688
18567.177038
5.886691
5.887693
5.888694
5.889696
-18635.567417
5.891699
5.892701
18699.921276
5.894704
5.895705
18752.790965
5.897708
5.898710
-18794.160982
5.900713
5.901714
5.902716
5.903717
5.904719
5.905720
5.906722
5.907723
5.908725
5.909726
5.910728
5.911729
5.912730
5.913732
5.914733
5.915735
5.916736
5.917737
-19123.544135
5.919740
5.920741
5.921743
5.922744
19220.547807
5.924747
5.925748
5.926749
5.927750
5.928752
5.929753
5.930754
5.931756
5.932757
5.933758
5.934759
5.935760
5.936762
19476.551779
5.938764
5.939765
-19522.030158
5.941768
19564.789447
5.943770
5.944771
5.945772
5.946773
5.947775
19680.896723
5.949777
5.950778
5.951779
5.952780
-19759.092795
5.954782
5.955784
5.956785
5.957786
5.958787
5.959788
5.960789
5.961790
5.962791
5.963792
-19969.675740
5.965794
5.966795
5.967796
5.968797
5.969798
-20090.787092
5.971800
20135.432668
5.973802
5.974803
5.975804
5.976805
5.977806
5.978807
5.979808
5.980809
5.981810
5.982811
-20341.950087
5.984813
5.985814
-20404.597857
5.987816
5.988816
-20467.632477
5.990818
5.991819
5.992820
5.993821
5.994822
5.995823
5.996824
5.997824
5.998825
5.999826
-20693.671932
6.001828
6.002829
6.003830
6.004830
6.005831
6.006832
6.007833
6.008834
6.009834
6.010835
6.011836
6.012837
6.013838
6.014838
6.015839
21038.784810
6.017841
6.018842
21105.733555
6.020843
6.021844
6.022845
6.023845
-21197.343281
6.025847
6.026848
21277.434015
6.028849
6.029850
6.030851
6.031851
6.032852
6.033853
6.034853
6.035854
6.036855
6.037856
-21509.482831
6.039857
6.040858
6.041858
6.042859
6.043860
6.044860
6.045861
6.046862
6.047862
6.048863
6.049864
6.050864
6.051865
6.052866
6.053866
6.054867
6.055868
6.056868
21954.105438
6.058870
6.059870
6.060871
6.061871
6.062872
6.063873
6.064873
6.065874
6.066874
6.067875
6.068876
6.069876
6.070877
6.071877
6.072878
6.073879
6.074879
6.075880
-22392.243396
6.077881
6.078881
-22468.177031
6.080883
6.081883
6.082884
6.083884
22597.978722
6.085885
6.086886
6.087886
6.088887
6.089888
22753.029251
6.091889
6.092889
-22819.167224
6.094890
6.095891
6.096891
6.097892
6.098892
6.099893
6.100893
6.101894
6.102894
6.103895
6.104895
6.105896
-23143.714348
6.107897
6.108897
6.109898
6.110898
6.111899
23318.758565
6.113900
6.114900
6.115901
6.116901
-23433.130124
6.118902
6.119903
6.120903
6.121903
6.122904
6.123904
6.124905
6.125905
6.126906
6.127906
6.128907
6.129907
-23775.502752
6.131908
6.132908
-23861.124185
-23901.073464
6.135910
-23947.364195
6.137911
6.138911
6.139911
6.140912
6.141912
6.142913
6.143913
6.144913
6.145914
6.146914
6.147915
6.148915
6.149915
6.150916
6.151916
6.152917
-24436.281175
6.154917
-24484.669627
6.156918
6.157919
-24575.483428
6.159919
6.160920
24679.296864
6.162921
6.163921
24771.475823
6.165922
6.166922
6.167922
6.168923
6.169923
6.170924
6.171924
-24996.002591
6.173925
6.174925
6.175925
6.176926
6.177926
-25186.026794
6.179927
25249.795580
6.181927
6.182928
25346.294782
6.184928
6.185929
-25431.160416
6.187929
25495.951053
6.189930
6.190930
25594.345154
6.192931
6.193931
-25681.111639
6.195932
6.196932
6.197933
6.198933
6.199933
6.200934
6.201934
25948.429752
6.203935
6.204935
6.205935
6.206936
6.207936
6.208936
6.209936
-26196.046317
6.211937
6.212937
-26300.022871
6.214938
26368.512326
6.216939
6.217939
6.218939
6.219939
6.220940
-26567.431435
6.222940
6.223941
6.224941
6.225941
26744.502831
6.227942
6.228942
6.229942
6.230943
6.231943
26961.962291
6.233943
27020.828830
6.235944
6.236944
6.237944
6.238945
6.239945
-27230.343197
6.241945
6.242946
-27342.708609
6.244946
6.245947
6.246947
6.247947
-27517.103923
6.249948
6.250948
-27631.853254
6.252948
6.253949
6.254949
6.255949
6.256949
6.257950
6.258950
-27927.177279
6.260950
6.261950
-28045.378854
6.263951
28121.660294
28177.116618
6.266952
6.267952
6.268952
6.269952
6.270953
6.271953
6.272953
-28471.467540
6.274953
6.275954
28606.884178
6.277954
6.278954
6.279955
6.280955
6.281955
6.282955
6.283955
-28910.700632
6.285956
6.286956
29049.967031
6.288957
29118.318637
29177.778152
6.291957
-29234.148572
6.293958
6.294958
6.295958
6.296958
6.297958
29506.993741
6.299959
-29564.914262
6.301959
6.302959
6.303960
6.304960
6.305960
6.306960
6.307960
6.308961
6.309961
6.310961
30051.431429
6.312961
6.313962
30188.230051
6.315962
-30249.415179
6.317962
6.318962
-30388.137605
6.320963
6.321963
-30528.137570
6.323963
6.324964
6.325964
6.326964
-30745.686566
6.328964
6.329964
30901.669937
-30955.981574
6.332965
6.333965
6.334965
6.335966
6.336966
6.337966
6.338966
6.339966
6.340966
-31406.663414
6.342967
6.343967
6.344967
6.345967
6.346967
6.347968
6.348968
-31788.728860
6.350968
6.351968
6.352968
6.353968
6.354969
6.355969
6.356969
6.357969
6.358969
6.359969
6.360970
-32410.650047
6.362970
6.363970
6.364970
6.365970
6.366970
6.367971
6.368971
-32817.688732
6.370971
6.371971
-32981.024202
6.373972
-66209.675942
6.375972
6.376972
6.377972
-66566.028630
6.379972
6.380973
6.381973
6.382973
67096.188369
-67241.363548
6.385973
6.386973
6.387973
6.388974
6.389974
6.390974
6.391974
6.392974
6.393974
6.394974
6.395975
6.396975
6.397975
6.398975
6.399975
6.400975
6.401975
6.402975
6.403976
6.404976
69586.141257
69756.040183
6.407976
6.408976
6.409976
6.410976
-70311.399782
6.412977
6.413977
6.414977
6.415977
70901.735489
-71065.290800
6.418977
6.419978
6.420978
6.421978
6.422978
-71835.516350
6.424978
6.425978
6.426978
6.427978
-72438.442450
6.429979
6.430979
6.431979
6.432979
6.433979
6.434979
6.435979
6.436979
6.437980
6.438980
6.439980
6.440980
6.441980
6.442980
6.443980
6.444980
6.445980
6.446981
6.447981
6.448981
75164.961365
6.450981
6.451981
6.452981
6.453981
-75812.181109
76026.874044
6.456982
6.457982
6.458982
6.459982
-76689.383589
6.461982
6.462982
6.463982
6.464982
6.465982
6.466983
6.467983
6.468983
6.469983
6.470983
6.471983
6.472983
6.473983
6.474983
6.475983
6.476983
6.477984
6.478984
6.479984
6.480984
6.481984
79973.714291
6.483984
6.484984
6.485984
6.486984
-80708.463720
6.488985
6.489985
6.490985
6.491985
6.492985
6.493985
6.494985
6.495985
6.496985
6.497985
6.498985
6.499985
6.500986
6.501986
6.502986
6.503986
6.504986
6.505986
6.506986
6.507986
6.508986
6.509986
-84589.582236
6.511986
6.512987
6.513987
6.514987
6.515987
6.516987
6.517987
6.518987
6.519987
6.520987
6.521987
6.522987
6.523987
6.524987
-87152.021907
-87418.788068
6.527988
6.528988
6.529988
6.530988
88326.326756
6.532988
6.533988
6.534988
6.535988
6.536988
89518.929531
6.538988
6.539989
6.540989
6.541989
90456.861614
6.543989
6.544989
6.545989
6.546989
6.547989
6.548989
6.549989
6.550989
6.551989
6.552989
6.553989
6.554990
6.555990
6.556990
6.557990
-93685.594628
-93993.918036
-94304.228416
6.561990
6.562990
6.563990
6.564990
6.565990
6.566990
6.567990
6.568990
6.569990
6.570990
6.571991
6.572991
6.573991
-97168.424342
97513.311805
-97834.113395
6.577991
6.578991
6.579991
6.580991
98968.962083
99312.949966
6.583991
6.584991
6.585991
6.586991
6.587991
6.588992
6.589992
6.590992
6.591992
6.592992
6.593992
6.594992
6.595992
6.596992
6.597992
6.598992
6.599992
6.600992
6.601992
-104089.979212
-104470.707498
6.604992
6.605992
6.606992
-105360.580344
6.608993
6.609993
6.610993
6.611993
6.612993
6.613993
6.614993
6.615993
6.616993
6.617993
6.618993
108833.417394
109249.559017
6.621993
6.622993
6.623993
-110209.668221
110649.811605
6.626993
6.627993
6.628994
-111635.081992
112086.409138
6.631994
6.632994
6.633994
6.634994
6.635994
114013.973519
6.637994
6.638994
6.639994
115074.447086
-115526.581256
6.642994
6.643994
6.644994
6.645994
117107.136327
117589.127477
6.648994
6.649994
6.650994
6.651994
-119199.599231
6.653995
6.654995
6.655995
6.656995
6.657995
6.658995
6.659995
6.660995
6.661995
6.662995
6.663995
6.664995
6.665995
6.666995
124364.809725
6.668995
6.669995
6.670995
6.671995
6.672995
126742.394179
127307.197266
6.675995
6.676995
6.677995
6.678995
129212.630313
6.680996
6.681996
6.682996
6.683996
-131162.572302
6.685996
6.686996
-264956.318348
6.688996
6.689996
6.690996
6.691996
6.692996
6.693996
6.694996
6.695996
6.696996
-273346.705551
6.698996
-275987.942604
6.700996
6.701996
277757.675140
6.703996
280485.310144
6.705996
6.706996
-282285.560258
6.708996
285117.312947
6.710997
6.711997
6.712997
6.713997
-289891.371248
6.715997
6.716997
6.717997
6.718997
6.719997
6.720997
297930.962204
6.722997
6.723997
-299965.170253
6.725997
6.726997
6.727997
6.728997
6.729997
6.730997
6.731997
6.732997
6.733997
6.734997
6.735997
314196.879089
6.737997
6.738997
6.739997
6.740997
320020.670290
6.742997
6.743997
6.744997
6.745997
6.746997
6.747997
6.748998
6.749998
6.750998
6.751998
6.752998
336253.486436
6.754998
6.755998
6.756998
6.757998
6.758998
6.759998
6.760998
6.761998
6.762998
349882.137429
6.764998
6.765998
6.766998
6.767998
6.768998
6.769998
6.770998
6.771998
6.772998
6.773998
6.774998
6.775998
6.776998
6.777998
6.778998
6.779998
-377440.184421
6.781998
382506.743284
6.783998
6.784998
6.785998
6.786998
6.787998
6.788998
6.789998
-394698.772993
6.791998
400243.091140
6.793998
405927.142773
403947.044516
6.796998
409742.458977
6.798999
6.799999
-413610.355363
6.801999
6.802999
6.803999
6.804999
423775.618093
6.806999
430160.717182
6.808999
6.809999
6.810999
6.811999
6.812999
6.813999
6.814999
6.815999
6.816999
6.817999
6.818999
460011.515318
6.820999
6.821999
464909.716463
6.823999
6.824999
6.825999
6.826999
-477760.445227
6.828999
485905.969520
6.830999
6.831999
6.832999
6.833999
499977.551367
6.835999
6.836999
6.837999
6.838999
6.839999
6.840999
-524327.249254
6.842999
6.843999
6.844999
6.845999
6.846999
6.847999
6.848999
6.849999
-1105897.746531
6.851999
6.852999
6.853999
6.854999
6.855999
6.856999
6.857999
6.858999
6.859999
1181614.023055
6.861999
6.862999
6.863999
6.864999
6.865999
6.866999
6.867999
6.868999
-1278257.206192
6.870999
6.871999
6.872999
6.873999
-1327421.204122
6.875999
6.876999
6.878000
6.879000
-1380518.322287
6.881000
6.882000
6.883000
6.884000
6.885000
6.886000
6.887000
6.888000
6.889000
6.890000
6.891000
6.892000
6.893000
6.894000
1568785.533962
6.896000
6.897000
6.898000
6.899000
6.900000
6.901000
6.902000
6.903000
1743828.212152
-1725649.597859
6.906000
6.907000
6.908000
1836670.555318
-1816473.619326
6.911000
6.912000
6.913000
1939960.629632
6.915000
6.916000
6.917000
6.918000
6.919000
2030191.041011
6.921000
6.922000
6.923000
6.924000
6.925000
6.926000
-4499026.098313
-4437395.507925
6.929000
6.930000
6.931000
6.932000
6.933000
6.934000
6.935000
6.936000
-5176962.571580
6.938000
6.939000
6.940000
6.941000
6.942000
6.943000
6.944000
6.945000
6.946000
6097326.590440
-5982268.928583
6.949000
6.950000
6.951000
6.952000
6.953000
7938026.867161
-7765447.307875
7592895.568589
6.957000
6.958000
6.959000
6.960000
6.961000
6.962000
6.963000
6.964000
6.965000
6.966000
6.967000
6.968000
-26747668.825377
6.970000
25022026.262520
24159198.012092
6.973000
6.974000
21570713.260806
6.976000
6.977000
6.978000
6.979000
6.980000
-1.#IND00
6.982000
1.#INF00
1.#INF00
-1.#IND00
1.#INF00
-1.#IND00
-1.#INF00
-1.#IND00
-1.#IND00
-1.#IND00
-1.#IND00
-1.#IND00
-1.#IND00
-1.#IND00
-1.#IND00
-1.#IND00
-1.#IND00
-1.#IND00
-1.#IND00
